0
0
2
6
6
7
9
10
11
12
13
13
15
15
15
15
19
19
19
20
21
22
23
26
27
28
28
28
29
31
31
32
32
33
34
34
34
35
36
41
43
43
45
45
46
47
47
47
51
52
52
53
55
56
58
59
60
60
61
62
62
62
63
63
64
68
68
69
71
71
72
74
75
75
75
78
80
81
82
82
83
83
87
88
90
91
91
92
92
95
96
96
96
99
100
100
100
101
103
107
108
109
110
112
114
114
114
115
117
117
118
120
120
121
121
121
122
123
123
124
124
126
126
126
128
128
129
132
133
133
133
134
135
136
137
137
139
139
140
143
144
144
145
145
146
146
147
147
148
148
148
150
151
151
151
152
152
152
153
154
155
156
156
156
161
161
165
166
166
168
169
170
171
171
171
172
173
177
181
181
182
184
186
186
186
189
189
190
192
193
195
195
197
199
200
201
201
202
203
204
205
205
207
210
211
211
212
214
215
217
218
219
220
222
223
224
226
227
227
228
229
229
229
229
231
233
235
236
236
236
237
241
241
241
243
244
244
246
246
248
248
248
248
249
250
252
254
255
256
256
256
259
259
260
260
260
260
261
264
264
266
266
267
270
272
274
274
276
277
279
281
282
283
286
286
287
287
287
287
288
289
291
292
293
293
293
293
296
298
299
299
299
303
304
305
306
306
307
308
309
311
312
313
313
314
314
315
315
317
318
319
319
320
322
322
323
323
323
324
325
325
325
328
328
329
330
332
333
334
334
335
335
336
336
337
337
340
341
341
342
343
343
344
346
347
347
348
350
351
353
356
359
359
359
360
361
362
362
363
363
365
365
365
366
367
368
368
368
369
370
370
371
371
372
372
373
374
375
375
380
380
380
381
383
385
386
386
387
388
389
390
392
393
393
394
394
394
395
397
397
398
400
402
402
403
403
403
404
405
406
408
410
411
411
411
413
414
417
417
418
418
420
421
422
422
422
428
429
429
429
431
432
433
434
435
435
436
437
438
440
441
441
443
446
446
447
448
449
450
454
454
456
457
458
460
460
462
463
465
465
466
466
467
467
468
469
471
472
475
475
476
476
477
477
479
483
483
484
485
486
487
488
489
489
489
490
491
493
494
494
495
497
497
498
498
498
499
499
501
501
502
502
502
503
504
504
505
505
507
507
511
512
512
514
514
514
515
515
516
519
520
522
523
525
525
526
529
530
530
531
531
533
533
534
536
538
539
540
540
543
544
545
545
549
550
551
553
554
555
555
555
556
556
559
561
561
562
564
565
566
566
569
570
572
573
573
576
577
578
578
580
581
582
588
588
588
592
593
595
597
599
602
604
607
607
608
608
609
609
610
610
611
612
615
616
616
618
618
618
620
621
623
625
625
626
627
628
630
630
630
630
631
631
631
631
631
632
632
636
636
636
637
638
638
638
639
639
639
641
645
645
648
649
649
650
651
651
653
653
654
655
657
657
657
658
660
660
660
662
662
662
663
663
664
664
664
667
669
671
672
672
673
673
673
676
677
678
680
682
682
683
685
685
687
688
688
688
688
690
692
692
697
697
697
698
700
701
702
703
704
704
705
706
707
709
710
710
710
710
710
711
712
713
713
714
714
714
714
716
717
717
719
719
720
725
726
727
728
729
729
730
730
730
731
733
734
734
734
739
739
740
741
741
741
743
743
747
747
748
748
751
752
752
753
754
755
755
756
758
759
759
761
761
761
762
762
762
764
765
766
767
767
770
772
773
774
774
775
775
775
775
775
776
777
778
782
782
783
783
784
788
789
789
789
790
790
790
792
793
793
795
798
798
800
801
802
803
805
806
807
808
809
810
811
812
814
815
817
817
818
818
819
819
820
820
820
820
821
821
825
825
825
827
828
828
828
828
829
830
834
834
835
837
837
837
838
839
841
846
846
847
848
848
849
850
851
851
851
852
854
855
855
855
859
864
865
867
868
869
870
873
878
879
880
882
882
883
883
885
885
887
887
887
887
889
890
892
893
895
895
895
896
896
899
900
900
902
902
903
904
905
905
906
907
908
914
915
916
917
917
919
919
920
921
922
924
929
929
929
930
931
932
933
933
933
937
937
940
940
941
941
942
943
944
945
946
946
948
948
949
949
950
951
954
955
955
957
957
957
958
958
958
959
959
961
961
961
962
963
967
967
967
968
968
970
971
972
973
973
973
974
975
976
977
977
981
984
987
987
992
992
992
995
997
998
998
999
999
1000
1002
1003
1003
1003
1005
1009
1010
1011
1012
1013
1013
1014
1015
1016
1016
1019
1019
1020
1021
1022
1025
1027
1028
1028
1029
1030
1031
1032
1032
1032
1033
1033
1033
1034
1034
1036
1036
1036
1038
1038
1039
1044
1044
1045
1045
1046
1048
1049
1049
1049
1050
1051
1052
1057
1057
1058
1060
1060
1062
1062
1066
1070
1071
1072
1075
1076
1077
1078
1081
1081
1083
1085
1086
1086
1086
1089
1091
1091
1092
1092
1092
1093
1093
1094
1095
1096
1099
1099
1099
1101
1102
1102
1103
1103
1104
1106
1107
1107
1107
1108
1109
1110
1111
1112
1115
1115
1115
1118
1119
1119
1120
1121
1121
1122
1122
1122
1124
1128
1128
1128
1129
1130
1130
1131
1132
1132
1133
1133
1134
1135
1135
1135
1136
1136
1136
1137
1142
1143
1144
1145
1147
1149
1151
1151
1153
1154
1155
1157
1157
1157
1158
1159
1160
1161
1162
1162
1162
1164
1164
1165
1165
1171
1173
1173
1175
1176
1176
1176
1177
1177
1178
1179
1180
1180
1181
1181
1182
1182
1184
1187
1188
1188
1190
1190
1191
1191
1191
1191
1192
1192
1194
1194
1194
1196
1196
1197
1198
1198
1198
1199
1199
1200
1200
1200
1200
1201
1204
1204
1205
1206
1209
1209
1211
1211
1212
1212
1212
1213
1213
1217
1220
1220
1221
1222
1222
1224
1224
1225
1225
1226
1227
1228
1229
1229
1230
1230
1234
1235
1236
1236
1241
1243
1243
1243
1247
1247
1247
1248
1248
1249
1252
1253
1253
1254
1255
1260
1261
1261
1263
1265
1266
1269
1270
1273
1274
1276
1277
1281
1282
1282
1282
1283
1284
1284
1285
1288
1289
1290
1294
1296
1297
1298
1298
1299
1300
1301
1301
1302
1305
1310
1311
1311
1313
1313
1314
1314
1315
1315
1316
1317
1317
1318
1320
1321
1322
1323
1323
1324
1324
1326
1327
1327
1327
1327
1327
1328
1328
1330
1330
1331
1331
1332
1332
1333
1334
1335
1337
1338
1340
1340
1341
1342
1344
1346
1346
1347
1347
1348
1348
1351
1352
1353
1353
1353
1353
1355
1355
1359
1359
1360
1362
1362
1362
1366
1366
1367
1368
1369
1369
1370
1372
1374
1374
1375
1375
1377
1377
1378
1378
1379
1381
1381
1381
1382
1384
1386
1388
1389
1390
1393
1394
1394
1396
1397
1398
1399
1400
1400
1404
1408
1408
1408
1408
1410
1410
1410
1410
1411
1411
1412
1413
1414
1416
1417
1417
1418
1419
1423
1424
1424
1425
1427
1427
1428
1430
1430
1431
1432
1432
1433
1433
1435
1436
1436
1436
1438
1438
1439
1443
1444
1445
1447
1447
1448
1448
1448
1453
1453
1453
1454
1455
1456
1457
1458
1458
1459
1459
1459
1460
1461
1462
1465
1468
1468
1469
1469
1470
1470
1471
1471
1472
1472
1473
1473
1474
1474
1475
1475
1476
1477
1477
1478
1478
1483
1483
1483
1483
1484
1484
1486
1487
1487
1490
1490
1490
1491
1491
1491
1492
1493
1494
1494
1495
1496
1497
1498
1499
1499
1500
1501
1501
1502
1505
1506
1506
1507
1508
1509
1510
1511
1513
1515
1516
1516
1517
1519
1520
1521
1522
1522
1523
1524
1526
1528
1529
1529
1530
1530
1533
1533
1533
1533
1533
1535
1537
1539
1540
1540
1541
1541
1542
1544
1546
1546
1546
1546
1547
1548
1550
1550
1551
1552
1553
1553
1556
1558
1558
1559
1559
1560
1562
1562
1562
1563
1564
1564
1565
1566
1567
1567
1567
1568
1568
1571
1572
1573
1575
1576
1576
1579
1579
1580
1584
1585
1586
1587
1588
1589
1589
1589
1590
1591
1591
1592
1593
1593
1593
1597
1597
1597
1598
1598
1599
1599
1599
1599
1600
1601
1601
1602
1606
1606
1609
1611
1611
1611
1611
1612
1612
1613
1613
1615
1615
1616
1616
1617
1617
1618
1619
1620
1620
1621
1623
1623
1625
1626
1628
1629
1630
1631
1631
1631
1631
1631
1634
1635
1635
1637
1637
1639
1639
1640
1640
1642
1642
1643
1644
1645
1645
1646
1646
1647
1648
1649
1650
1650
1651
1651
1652
1653
1653
1653
1654
1654
1655
1656
1657
1657
1658
1659
1659
1663
1663
1664
1665
1667
1668
1670
1671
1671
1671
1672
1676
1676
1677
1677
1677
1677
1678
1678
1679
1680
1680
1681
1682
1682
1683
1683
1684
1685
1686
1690
1692
1692
1692
1693
1694
1695
1695
1697
1698
1698
1700
1700
1701
1702
1702
1705
1706
1706
1707
1708
1709
1713
1715
1715
1715
1715
1716
1716
1719
1719
1722
1722
1723
1723
1725
1727
1727
1728
1728
1728
1729
1729
1729
1730
1731
1732
1732
1734
1734
1735
1737
1738
1739
1740
1743
1745
1747
1747
1749
1751
1752
1752
1754
1755
1755
1756
1756
1758
1759
1759
1760
1761
1762
1763
1763
1765
1766
1768
1770
1771
1771
1774
1774
1778
1779
1780
1781
1781
1782
1782
1783
1783
1784
1784
1785
1786
1788
1789
1789
1790
1790
1791
1792
1792
1792
1793
1793
1794
1794
1795
1796
1796
1797
1799
1802
1804
1805
1805
1809
1811
1812
1812
1817
1818
1818
1819
1820
1820
1821
1822
1823
1824
1824
1824
1825
1826
1826
1828
1829
1829
1830
1832
1832
1832
1835
1835
1835
1835
1836
1838
1844
1844
1844
1845
1845
1845
1848
1850
1850
1852
1852
1853
1854
1859
1860
1862
1863
1864
1866
1869
1869
1870
1870
1873
1874
1875
1876
1877
1879
1880
1882
1882
1882
1884
1885
1886
1886
1888
1888
1891
1891
1893
1895
1898
1901
1901
1902
1903
1903
1907
1908
1909
1909
1911
1912
1912
1912
1912
1913
1913
1914
1915
1915
1917
1917
1918
1918
1918
1918
1919
1921
1922
1923
1923
1923
1924
1924
1925
1926
1927
1927
1927
1928
1929
1930
1930
1931
1932
1933
1936
1936
1939
1940
1941
1943
1945
1945
1947
1947
1950
1951
1951
1951
1952
1955
1959
1959
1961
1962
1962
1963
1965
1968
1970
1970
1971
1972
1972
1975
1976
1977
1977
1979
1980
1980
1980
1980
1980
1981
1984
1985
1986
1987
1987
1989
1990
1991
1995
1995
1998
1999
2001
2001
2002
2002
2005
2005
2006
2006
2006
2008
2009
2009
2010
2012
2013
2014
2014
2015
2016
2016
2017
2017
2019
2019
2020
2020
2021
2022
2022
2023
2024
2025
2026
2027
2027
2030
2031
2031
2032
2032
2032
2032
2033
2034
2035
2035
2036
2037
2039
2047
2048
2050
2050
2051
2051
2052
2052
2054
2054
2055
2057
2057
2057
2057
2058
2060
2060
2062
2062
2062
2064
2066
2068
2069
2069
2070
2070
2070
2071
2071
2072
2073
2073
2075
2075
2076
2077
2077
2079
2081
2081
2082
2083
2085
2086
2086
2087
2088
2088
2089
2089
2093
2094
2098
2098
2099
2103
2104
2105
2105
2105
2106
2106
2107
2107
2108
2108
2109
2113
2113
2113
2115
2115
2116
2116
2117
2117
2119
2120
2120
2120
2121
2121
2122
2122
2123
2123
2123
2129
2129
2130
2130
2130
2134
2136
2142
2142
2143
2143
2144
2145
2146
2150
2150
2150
2151
2153
2153
2154
2155
2155
2155
2155
2157
2158
2158
2159
2162
2163
2163
2165
2165
2166
2166
2168
2168
2169
2172
2172
2174
2174
2175
2176
2176
2177
2178
2182
2185
2185
2187
2187
2188
2188
2190
2190
2192
2195
2197
2197
2197
2198
2200
2201
2203
2204
2204
2205
2207
2208
2209
2210
2210
2211
2213
2213
2214
2215
2215
2216
2217
2218
2220
2224
2224
2225
2227
2227
2227
2230
2232
2233
2234
2234
2236
2237
2237
2238
2240
2240
2241
2241
2243
2244
2244
2245
2247
2247
2249
2249
2250
2251
2252
2252
2254
2254
2254
2255
2258
2258
2259
2262
2263
2267
2269
2269
2270
2271
2271
2272
2273
2276
2278
2278
2281
2283
2283
2287
2290
2291
2292
2293
2295
2295
2296
2297
2298
2301
2302
2303
2304
2307
2309
2311
2312
2312
2313
2318
2318
2318
2320
2322
2322
2323
2324
2324
2326
2327
2328
2328
2328
2329
2332
2332
2334
2334
2334
2335
2336
2336
2336
2337
2338
2339
2339
2340
2342
2343
2345
2346
2347
2347
2348
2348
2348
2350
2351
2355
2355
2356
2357
2358
2358
2361
2363
2364
2364
2366
2366
2366
2367
2367
2368
2368
2371
2371
2373
2376
2377
2377
2377
2378
2379
2379
2380
2381
2383
2385
2385
2385
2387
2387
2390
2391
2393
2393
2396
2396
2398
2399
2399
2401
2402
2402
2403
2403
2404
2404
2406
2406
2406
2408
2408
2409
2410
2410
2412
2413
2413
2414
2415
2416
2417
2417
2419
2419
2420
2421
2423
2423
2425
2425
2426
2426
2426
2429
2429
2429
2431
2432
2433
2433
2433
2434
2435
2436
2437
2438
2438
2438
2438
2439
2439
2440
2441
2441
2443
2446
2446
2448
2448
2449
2449
2450
2450
2452
2452
2453
2453
2453
2454
2454
2455
2456
2457
2458
2458
2459
2460
2462
2463
2464
2465
2465
2467
2467
2467
2468
2468
2470
2471
2472
2472
2472
2472
2472
2474
2475
2477
2477
2477
2478
2481
2482
2482
2483
2483
2483
2484
2485
2486
2486
2486
2487
2487
2489
2489
2489
2490
2491
2492
2493
2497
2497
2498
2499
2499
2499
2500
2502
2503
2505
2505
2508
2510
2513
2513
2513
2514
2515
2516
2517
2517
2517
2520
2521
2521
2523
2523
2526
2527
2537
2538
2540
2542
2544
2546
2547
2550
2550
2551
2555
2556
2556
2557
2557
2558
2558
2560
2560
2561
2562
2562
2564
2565
2567
2568
2569
2570
2571
2571
2572
2573
2573
2573
2573
2577
2578
2578
2578
2578
2579
2579
2579
2584
2584
2584
2584
2586
2586
2588
2588
2589
2589
2593
2594
2595
2595
2595
2595
2595
2596
2596
2597
2597
2598
2598
2599
2600
2601
2603
2603
2605
2608
2608
2608
2608
2609
2611
2611
2612
2615
2618
2620
2621
2622
2625
2627
2628
2628
2629
2629
2630
2630
2631
2631
2632
2632
2633
2633
2633
2636
2636
2637
2637
2638
2639
2640
2640
2642
2642
2643
2645
2645
2646
2647
2653
2655
2656
2657
2658
2658
2659
2660
2664
2664
2665
2665
2666
2669
2669
2669
2670
2670
2672
2673
2674
2674
2675
2676
2677
2678
2679
2681
2681
2684
2685
2686
2689
2689
2689
2689
2690
2692
2692
2692
2693
2694
2694
2695
2696
2698
2698
2699
2700
2700
2700
2700
2701
2702
2702
2703
2704
2704
2711
2711
2712
2712
2712
2712
2712
2713
2713
2713
2714
2715
2716
2717
2718
2718
2719
2720
2721
2722
2722
2722
2723
2723
2724
2724
2725
2725
2725
2727
2727
2728
2730
2732
2736
2737
2737
2740
2742
2742
2743
2744
2746
2746
2747
2748
2750
2751
2751
2753
2753
2756
2758
2759
2759
2761
2761
2762
2763
2764
2764
2765
2765
2766
2766
2767
2767
2768
2772
2772
2776
2777
2777
2778
2781
2781
2781
2782
2782
2782
2783
2784
2785
2787
2788
2788
2788
2789
2792
2793
2794
2794
2798
2798
2800
2801
2801
2801
2802
2804
2804
2805
2807
2807
2808
2811
2812
2812
2812
2814
2814
2815
2816
2817
2823
2824
2826
2827
2827
2827
2829
2831
2831
2831
2834
2836
2836
2838
2840
2840
2841
2843
2845
2846
2847
2852
2852
2853
2854
2856
2857
2859
2863
2864
2865
2866
2867
2869
2869
2869
2869
2870
2871
2875
2875
2877
2878
2878
2878
2881
2882
2882
2883
2883
2883
2884
2885
2887
2888
2888
2889
2890
2892
2893
2894
2895
2896
2896
2897
2897
2898
2898
2900
2900
2901
2901
2901
2901
2902
2902
2902
2904
2905
2906
2907
2907
2908
2909
2910
2911
2912
2914
2915
2915
2915
2916
2917
2919
2920
2920
2922
2924
2924
2924
2924
2925
2925
2925
2926
2926
2926
2926
2927
2929
2929
2929
2930
2932
2932
2934
2934
2935
2938
2940
2941
2942
2942
2943
2944
2944
2946
2951
2952
2952
2952
2953
2954
2955
2957
2957
2957
2958
2961
2962
2963
2964
2964
2965
2965
2965
2966
2969
2969
2970
2971
2971
2975
2976
2977
2977
2978
2979
2979
2980
2981
2982
2982
2984
2984
2986
2986
2987
2987
2989
2989
2990
2990
2990
2991
2991
2992
2993
2994
2994
2996
2997
2999
3000
3003
3004
3004
3005
3006
3007
3007
3009
3009
3011
3011
3011
3013
3014
3014
3014
3017
3021
3022
3022
3023
3023
3024
3024
3026
3027
3027
3027
3028
3030
3030
3032
3034
3036
3038
3041
3042
3043
3043
3044
3045
3046
3047
3047
3048
3049
3050
3052
3053
3054
3055
3055
3057
3058
3058
3059
3060
3061
3062
3062
3062
3062
3063
3063
3065
3065
3065
3065
3066
3066
3066
3067
3070
3071
3073
3074
3075
3076
3076
3077
3078
3078
3079
3080
3081
3081
3081
3082
3083
3083
3087
3088
3088
3089
3089
3090
3090
3094
3094
3094
3096
3098
3098
3099
3101
3104
3105
3105
3105
3105
3106
3107
3110
3112
3114
3116
3117
3118
3118
3119
3121
3122
3122
3123
3124
3125
3127
3127
3127
3127
3129
3132
3134
3135
3135
3136
3139
3140
3140
3142
3142
3143
3143
3145
3147
3147
3148
3149
3149
3149
3150
3150
3151
3152
3152
3152
3155
3158
3158
3159
3160
3160
3160
3161
3162
3163
3164
3165
3166
3166
3167
3169
3171
3172
3173
3173
3173
3174
3174
3175
3176
3176
3179
3180
3180
3181
3182
3184
3184
3185
3188
3189
3191
3191
3192
3192
3193
3194
3195
3195
3201
3202
3202
3204
3204
3206
3207
3208
3209
3209
3211
3212
3213
3215
3221
3221
3222
3222
3223
3224
3224
3225
3225
3225
3227
3227
3227
3227
3230
3230
3231
3232
3233
3235
3237
3237
3237
3238
3238
3238
3240
3241
3242
3242
3243
3245
3245
3246
3247
3249
3249
3249
3252
3254
3256
3257
3257
3258
3258
3258
3258
3258
3258
3260
3264
3266
3270
3271
3272
3272
3275
3275
3276
3277
3279
3280
3280
3280
3281
3283
3287
3289
3290
3292
3293
3294
3295
3295
3295
3296
3298
3298
3298
3299
3301
3302
3304
3305
3308
3309
3309
3309
3310
3311
3312
3313
3313
3313
3314
3315
3315
3316
3316
3319
3319
3321
3322
3323
3324
3325
3326
3328
3330
3332
3332
3335
3337
3339
3339
3339
3341
3343
3345
3346
3348
3350
3351
3354
3355
3356
3356
3356
3358
3358
3361
3362
3364
3365
3366
3367
3367
3367
3368
3369
3370
3370
3371
3371
3372
3373
3373
3373
3373
3374
3376
3377
3379
3379
3380
3380
3381
3382
3385
3385
3386
3389
3390
3390
3394
3395
3395
3395
3397
3399
3400
3402
3402
3402
3402
3404
3407
3407
3408
3408
3411
3411
3411
3411
3412
3413
3413
3415
3415
3415
3417
3418
3418
3420
3420
3421
3423
3423
3424
3425
3426
3428
3428
3428
3429
3431
3433
3434
3435
3435
3436
3436
3438
3438
3439
3439
3440
3441
3441
3441
3442
3442
3443
3443
3443
3445
3445
3446
3446
3447
3448
3448
3449
3451
3451
3452
3452
3453
3453
3454
3454
3455
3455
3456
3458
3458
3458
3459
3459
3459
3459
3461
3461
3462
3462
3462
3463
3463
3464
3465
3465
3467
3468
3469
3470
3470
3471
3472
3472
3473
3476
3477
3478
3478
3479
3479
3480
3482
3482
3483
3484
3484
3485
3485
3486
3488
3489
3489
3490
3491
3492
3492
3492
3494
3496
3496
3498
3498
3499
3500
3501
3501
3502
3503
3504
3506
3509
3509
3509
3510
3513
3514
3514
3515
3516
3517
3519
3521
3521
3523
3523
3523
3526
3526
3526
3528
3529
3530
3533
3535
3535
3537
3538
3538
3538
3540
3542
3542
3543
3543
3544
3545
3547
3548
3549
3549
3550
3551
3551
3551
3553
3553
3556
3558
3559
3560
3561
3564
3564
3564
3565
3565
3565
3565
3570
3571
3571
3573
3575
3576
3576
3578
3580
3580
3580
3580
3580
3581
3582
3582
3584
3588
3588
3588
3595
3598
3599
3601
3601
3601
3604
3604
3604
3606
3606
3607
3607
3608
3608
3611
3611
3612
3613
3614
3615
3616
3618
3618
3618
3620
3621
3622
3622
3622
3624
3624
3625
3625
3626
3628
3629
3630
3630
3630
3633
3634
3634
3635
3636
3637
3638
3638
3639
3640
3640
3643
3644
3646
3648
3648
3650
3651
3653
3654
3654
3655
3656
3658
3658
3658
3663
3664
3667
3669
3669
3673
3673
3674
3674
3678
3678
3681
3682
3682
3683
3683
3686
3689
3689
3689
3690
3691
3691
3691
3691
3691
3692
3695
3695
3696
3696
3697
3699
3701
3701
3703
3704
3705
3705
3706
3709
3710
3712
3712
3713
3714
3715
3717
3717
3721
3722
3723
3724
3726
3726
3728
3732
3733
3733
3735
3737
3739
3742
3742
3743
3743
3744
3745
3745
3746
3747
3748
3750
3752
3752
3753
3753
3754
3754
3758
3758
3758
3759
3759
3760
3761
3763
3764
3765
3765
3765
3766
3767
3770
3770
3772
3772
3772
3773
3773
3775
3777
3778
3780
3781
3781
3782
3782
3783
3784
3784
3786
3786
3787
3788
3790
3791
3791
3793
3793
3795
3795
3797
3797
3798
3800
3800
3802
3803
3803
3803
3805
3805
3808
3812
3812
3813
3815
3815
3816
3816
3817
3818
3819
3820
3824
3824
3828
3829
3829
3830
3830
3831
3832
3832
3832
3833
3834
3835
3835
3835
3835
3835
3836
3837
3838
3839
3842
3844
3845
3846
3849
3851
3852
3852
3852
3853
3853
3854
3855
3855
3856
3861
3864
3864
3865
3866
3867
3868
3869
3871
3872
3872
3873
3874
3874
3877
3877
3877
3877
3880
3881
3881
3881
3882
3883
3885
3885
3887
3887
3887
3888
3890
3890
3891
3893
3895
3895
3897
3898
3899
3900
3900
3902
3904
3904
3904
3905
3906
3906
3906
3907
3907
3908
3909
3909
3909
3910
3910
3911
3913
3915
3916
3918
3919
3920
3920
3921
3921
3922
3923
3925
3925
3926
3929
3930
3931
3934
3934
3941
3941
3943
3943
3945
3945
3947
3947
3949
3954
3957
3959
3960
3962
3962
3963
3963
3964
3965
3965
3965
3966
3966
3967
3969
3971
3972
3973
3975
3975
3975
3975
3976
3977
3977
3978
3978
3979
3979
3980
3981
3982
3982
3983
3985
3985
3986
3987
3987
3988
3988
3989
3992
3992
3994
3995
3998
3998
4001
4003
4004
4004
4005
4005
4005
4006
4007
4009
4011
4011
4011
4012
4015
4015
4015
4015
4018
4018
4019
4021
4025
4027
4028
4029
4032
4033
4033
4035
4035
4038
4044
4044
4046
4047
4048
4049
4052
4052
4056
4058
4058
4058
4059
4060
4060
4061
4061
4062
4063
4063
4063
4063
4065
4065
4068
4074
4075
4076
4078
4079
4080
4080
4082
4083
4083
4085
4085
4085
4086
4087
4088
4089
4092
4092
4093
4094
4095
4095
4096
4097
4099
4100
4101
4102
4102
4102
4103
4103
4104
4106
4106
4107
4107
4109
4111
4111
4113
4115
4118
4118
4119
4122
4124
4125
4126
4127
4129
4129
4131
4131
4132
4132
4133
4134
4134
4134
4134
4135
4137
4137
4138
4138
4138
4138
4139
4139
4143
4147
4147
4147
4151
4151
4151
4151
4151
4151
4152
4152
4152
4153
4153
4154
4154
4155
4155
4158
4158
4158
4160
4160
4160
4161
4161
4162
4162
4164
4165
4165
4166
4166
4167
4168
4170
4171
4172
4172
4173
4173
4174
4174
4174
4177
4179
4180
4180
4184
4184
4184
4185
4187
4187
4189
4189
4190
4190
4190
4191
4193
4194
4194
4194
4196
4196
4197
4197
4197
4198
4199
4201
4201
4202
4203
4204
4205
4206
4207
4207
4208
4208
4209
4210
4210
4212
4212
4215
4216
4217
4218
4219
4219
4221
4221
4222
4223
4225
4225
4227
4228
4228
4229
4230
4230
4231
4232
4235
4236
4236
4238
4239
4239
4240
4240
4240
4240
4244
4247
4247
4253
4253
4253
4255
4257
4258
4258
4258
4260
4260
4261
4261
4262
4267
4267
4268
4272
4272
4273
4274
4274
4276
4278
4279
4279
4280
4280
4280
4280
4281
4282
4282
4284
4284
4285
4286
4286
4286
4288
4288
4288
4288
4288
4292
4293
4293
4294
4294
4295
4296
4301
4303
4303
4303
4304
4304
4304
4305
4306
4307
4307
4308
4311
4311
4311
4312
4312
4314
4315
4316
4317
4318
4318
4319
4320
4321
4321
4321
4324
4324
4325
4326
4333
4335
4336
4337
4338
4342
4342
4346
4346
4346
4347
4350
4350
4350
4351
4352
4352
4352
4352
4353
4354
4357
4359
4360
4360
4361
4362
4363
4366
4366
4369
4370
4370
4370
4375
4377
4382
4383
4384
4384
4385
4385
4386
4386
4387
4387
4388
4389
4390
4391
4391
4391
4393
4395
4397
4398
4399
4400
4400
4401
4402
4403
4403
4404
4405
4405
4406
4407
4409
4409
4409
4410
4412
4413
4413
4415
4415
4415
4417
4417
4417
4418
4419
4419
4420
4421
4423
4423
4423
4423
4426
4426
4427
4427
4427
4428
4429
4429
4430
4430
4430
4431
4432
4432
4433
4437
4438
4438
4438
4439
4439
4439
4440
4440
4441
4441
4441
4443
4443
4444
4444
4445
4448
4448
4450
4450
4453
4454
4455
4455
4455
4456
4457
4458
4458
4462
4464
4464
4465
4465
4466
4467
4469
4469
4471
4472
4472
4473
4475
4477
4478
4479
4480
4481
4482
4484
4486
4487
4489
4489
4490
4490
4491
4492
4492
4494
4495
4496
4496
4496
4496
4497
4498
4499
4501
4505
4505
4506
4506
4506
4506
4507
4510
4510
4511
4512
4513
4514
4515
4515
4517
4518
4519
4520
4520
4521
4522
4524
4526
4526
4527
4529
4530
4531
4532
4535
4536
4536
4537
4537
4537
4542
4542
4543
4545
4546
4550
4553
4553
4553
4554
4554
4558
4558
4561
4561
4564
4566
4566
4566
4567
4569
4569
4571
4571
4572
4574
4575
4577
4579
4580
4581
4582
4583
4584
4585
4585
4587
4589
4589
4590
4591
4592
4593
4596
4597
4598
4600
4605
4605
4605
4606
4606
4609
4612
4612
4612
4614
4614
4615
4615
4615
4617
4618
4618
4618
4619
4620
4621
4621
4622
4623
4624
4625
4628
4629
4629
4631
4632
4632
4633
4633
4634
4635
4636
4636
4637
4637
4638
4640
4641
4642
4644
4644
4645
4645
4646
4647
4648
4649
4650
4651
4651
4651
4651
4652
4653
4654
4655
4655
4656
4658
4658
4658
4659
4660
4661
4663
4663
4663
4665
4665
4666
4667
4667
4669
4669
4669
4670
4673
4674
4674
4675
4676
4678
4678
4679
4679
4681
4682
4682
4683
4683
4683
4684
4684
4686
4686
4687
4689
4690
4691
4692
4692
4694
4694
4694
4696
4698
4701
4702
4702
4702
4707
4709
4710
4710
4710
4711
4711
4714
4715
4717
4717
4718
4718
4719
4721
4722
4722
4724
4724
4725
4726
4728
4729
4729
4730
4730
4732
4732
4732
4732
4733
4733
4733
4734
4735
4737
4738
4739
4739
4739
4739
4740
4740
4740
4741
4742
4743
4744
4745
4746
4748
4748
4749
4749
4749
4749
4750
4750
4751
4752
4752
4753
4754
4755
4757
4760
4761
4761
4761
4762
4762
4764
4765
4765
4766
4768
4768
4771
4773
4775
4775
4777
4778
4778
4778
4779
4782
4783
4785
4786
4786
4787
4788
4788
4788
4788
4791
4792
4794
4794
4795
4796
4800
4800
4800
4805
4806
4806
4806
4808
4808
4809
4809
4810
4811
4812
4812
4814
4814
4816
4817
4817
4817
4818
4818
4819
4820
4820
4822
4823
4824
4825
4825
4826
4827
4828
4829
4831
4832
4832
4833
4833
4837
4838
4838
4840
4840
4840
4841
4842
4843
4845
4845
4845
4847
4848
4849
4850
4852
4854
4855
4855
4856
4857
4858
4859
4859
4859
4860
4861
4863
4863
4865
4867
4871
4871
4873
4874
4878
4878
4879
4880
4882
4884
4884
4886
4887
4888
4889
4890
4892
4892
4893
4895
4895
4895
4895
4896
4897
4898
4898
4899
4902
4904
4905
4906
4906
4910
4912
4912
4914
4915
4917
4919
4920
4921
4921
4921
4923
4925
4925
4926
4926
4927
4928
4928
4929
4931
4932
4932
4932
4933
4933
4934
4938
4939
4939
4941
4942
4942
4942
4942
4942
4943
4944
4945
4945
4947
4948
4948
4949
4953
4953
4954
4954
4956
4957
4958
4959
4959
4964
4966
4966
4968
4968
4968
4969
4970
4970
4974
4974
4974
4975
4975
4975
4977
4979
4980
4980
4980
4980
4981
4982
4982
4982
4984
4985
4985
4986
4987
4988
4989
4989
4991
4992
4992
4997
4997
4998
4998
5002
5002
5002
5003
5004
5004
5005
5006
5006
5006
5007
5008
5009
5010
5012
5013
5014
5014
5015
5018
5018
5018
5019
5021
5023
5023
5024
5024
5025
5025
5027
5027
5030
5031
5032
5032
5035
5035
5036
5037
5038
5038
5040
5040
5040
5041
5042
5042
5043
5045
5049
5049
5050
5050
5052
5057
5058
5058
5060
5062
5065
5065
5068
5069
5070
5071
5072
5072
5073
5074
5074
5077
5077
5079
5079
5080
5080
5080
5080
5081
5082
5082
5083
5084
5088
5089
5090
5090
5091
5091
5095
5096
5097
5098
5100
5100
5100
5100
5102
5102
5107
5108
5113
5114
5115
5116
5117
5117
5118
5118
5120
5120
5121
5121
5123
5123
5125
5125
5126
5127
5129
5129
5129
5130
5132
5132
5132
5133
5134
5135
5138
5139
5139
5142
5144
5144
5146
5147
5149
5150
5153
5153
5153
5156
5156
5158
5158
5158
5160
5161
5165
5167
5168
5169
5170
5171
5171
5171
5171
5174
5175
5176
5176
5176
5177
5177
5178
5178
5179
5180
5181
5183
5186
5186
5187
5187
5189
5189
5190
5190
5193
5194
5195
5196
5198
5199
5200
5200
5203
5203
5204
5206
5206
5208
5209
5211
5211
5213
5213
5213
5216
5216
5217
5217
5218
5219
5219
5220
5222
5224
5224
5225
5225
5226
5227
5228
5229
5229
5229
5229
5229
5229
5230
5231
5231
5231
5232
5232
5233
5233
5234
5234
5235
5237
5238
5239
5239
5239
5239
5240
5240
5241
5241
5243
5243
5245
5246
5247
5247
5249
5249
5251
5252
5253
5255
5255
5255
5256
5257
5258
5258
5258
5259
5259
5259
5259
5259
5260
5261
5262
5267
5268
5270
5271
5272
5272
5273
5274
5275
5275
5276
5279
5279
5280
5280
5280
5281
5282
5283
5285
5289
5289
5291
5292
5292
5292
5292
5293
5293
5294
5295
5296
5299
5303
5303
5304
5304
5305
5306
5307
5308
5310
5310
5311
5311
5312
5314
5314
5315
5315
5316
5316
5317
5318
5321
5322
5322
5324
5325
5326
5327
5327
5332
5332
5333
5334
5334
5335
5335
5335
5337
5337
5338
5338
5339
5341
5342
5343
5343
5344
5344
5346
5347
5349
5352
5352
5353
5354
5354
5354
5354
5355
5356
5358
5360
5360
5361
5363
5363
5365
5366
5367
5367
5369
5370
5372
5373
5373
5374
5374
5374
5376
5377
5379
5381
5382
5382
5382
5382
5383
5385
5385
5388
5389
5389
5389
5389
5391
5392
5393
5393
5393
5395
5400
5401
5402
5404
5404
5405
5406
5407
5408
5408
5408
5409
5410
5410
5410
5412
5413
5413
5414
5414
5414
5415
5416
5417
5418
5418
5418
5421
5422
5423
5424
5425
5427
5428
5433
5435
5436
5437
5439
5439
5439
5440
5440
5442
5442
5443
5444
5445
5446
5447
5448
5449
5450
5450
5450
5455
5458
5459
5459
5462
5463
5464
5464
5465
5465
5465
5467
5467
5468
5470
5470
5475
5476
5476
5478
5478
5479
5480
5484
5484
5485
5486
5486
5486
5488
5488
5489
5490
5490
5491
5492
5493
5494
5494
5496
5497
5499
5500
5500
5501
5502
5505
5506
5506
5507
5508
5508
5509
5510
5511
5512
5515
5515
5515
5515
5516
5516
5516
5517
5521
5521
5521
5522
5523
5523
5526
5528
5529
5529
5529
5530
5533
5534
5536
5536
5537
5538
5539
5546
5547
5548
5548
5549
5549
5550
5551
5552
5552
5554
5557
5558
5562
5562
5564
5565
5565
5568
5568
5568
5569
5569
5569
5569
5570
5570
5570
5571
5571
5572
5573
5574
5575
5575
5576
5576
5576
5577
5579
5579
5579
5581
5583
5583
5584
5585
5588
5593
5593
5593
5594
5594
5595
5597
5601
5601
5603
5604
5608
5608
5610
5612
5612
5614
5614
5616
5616
5617
5619
5619
5619
5620
5622
5623
5626
5628
5628
5628
5629
5630
5632
5633
5634
5637
5640
5640
5640
5642
5642
5642
5643
5644
5645
5645
5645
5645
5645
5646
5648
5650
5651
5651
5651
5651
5653
5653
5654
5654
5656
5656
5657
5658
5658
5659
5660
5661
5661
5662
5663
5664
5665
5665
5665
5666
5668
5668
5669
5669
5670
5672
5672
5672
5673
5677
5679
5684
5685
5685
5686
5693
5693
5694
5695
5695
5695
5696
5701
5702
5704
5704
5705
5705
5705
5708
5708
5709
5709
5709
5709
5709
5709
5711
5712
5712
5713
5714
5715
5716
5716
5717
5717
5718
5718
5720
5721
5724
5724
5727
5728
5729
5731
5731
5731
5732
5732
5733
5735
5736
5736
5736
5736
5737
5738
5739
5740
5743
5744
5746
5747
5747
5747
5750
5751
5752
5753
5753
5754
5755
5757
5759
5759
5760
5762
5764
5764
5766
5766
5766
5767
5769
5771
5772
5773
5773
5774
5774
5776
5776
5778
5779
5780
5781
5782
5784
5784
5786
5787
5788
5788
5788
5789
5789
5792
5793
5795
5798
5799
5799
5801
5801
5802
5802
5802
5803
5803
5804
5805
5805
5809
5810
5810
5812
5812
5813
5814
5814
5814
5815
5815
5816
5817
5817
5818
5820
5820
5820
5822
5823
5824
5825
5827
5827
5831
5832
5834
5834
5835
5836
5838
5841
5841
5842
5842
5843
5843
5844
5844
5845
5850
5853
5853
5855
5857
5862
5865
5866
5868
5868
5868
5868
5869
5869
5869
5872
5873
5875
5876
5876
5877
5878
5881
5882
5883
5884
5884
5885
5885
5886
5887
5887
5888
5890
5892
5894
5894
5894
5896
5896
5897
5898
5898
5898
5901
5901
5902
5902
5903
5903
5904
5906
5907
5907
5909
5911
5911
5911
5912
5912
5913
5914
5916
5918
5918
5919
5920
5921
5921
5923
5925
5926
5926
5927
5929
5929
5930
5933
5934
5934
5934
5935
5937
5937
5939
5940
5940
5941
5943
5943
5944
5944
5946
5949
5950
5950
5951
5952
5954
5954
5954
5954
5955
5955
5956
5958
5960
5961
5964
5965
5965
5965
5967
5967
5967
5967
5968
5969
5970
5971
5972
5972
5974
5976
5977
5978
5978
5980
5981
5982
5982
5983
5988
5989
5989
5990
5992
5995
5995
5996
5998
5999
6001
6001
6001
6001
6001
6001
6002
6004
6004
6006
6008
6008
6009
6011
6011
6011
6013
6014
6015
6016
6016
6017
6019
6020
6021
6024
6027
6028
6030
6030
6030
6032
6032
6033
6033
6035
6035
6037
6037
6039
6041
6041
6042
6043
6044
6045
6045
6045
6046
6046
6048
6051
6051
6052
6054
6055
6055
6056
6058
6059
6060
6061
6061
6063
6065
6066
6066
6068
6068
6070
6071
6071
6073
6073
6073
6074
6075
6076
6076
6076
6078
6079
6082
6082
6082
6082
6083
6085
6086
6087
6088
6090
6093
6097
6098
6099
6102
6104
6106
6106
6106
6107
6109
6111
6113
6115
6116
6118
6120
6120
6121
6123
6123
6125
6125
6126
6126
6127
6128
6128
6129
6130
6131
6131
6132
6133
6134
6134
6135
6136
6137
6139
6140
6140
6142
6143
6144
6145
6146
6147
6148
6148
6149
6150
6154
6155
6155
6156
6158
6158
6159
6160
6161
6162
6163
6163
6164
6166
6166
6166
6166
6166
6169
6171
6171
6175
6176
6177
6179
6180
6183
6184
6186
6186
6188
6188
6191
6191
6191
6192
6192
6193
6193
6193
6194
6194
6195
6196
6197
6198
6199
6202
6203
6203
6203
6204
6204
6205
6205
6205
6207
6210
6214
6214
6215
6216
6218
6219
6219
6223
6223
6224
6224
6225
6226
6227
6227
6227
6227
6228
6229
6229
6230
6230
6231
6232
6233
6234
6235
6236
6237
6239
6239
6239
6240
6240
6241
6244
6245
6247
6247
6250
6250
6251
6252
6252
6253
6254
6255
6256
6257
6257
6258
6261
6261
6261
6262
6263
6263
6263
6264
6265
6266
6266
6267
6267
6269
6269
6269
6270
6275
6277
6279
6279
6280
6280
6283
6283
6283
6283
6287
6287
6287
6288
6288
6289
6291
6291
6291
6292
6293
6294
6296
6296
6297
6299
6299
6299
6301
6302
6302
6302
6303
6303
6304
6306
6308
6309
6310
6311
6312
6312
6312
6312
6313
6314
6314
6316
6317
6319
6320
6320
6320
6321
6323
6323
6325
6326
6327
6327
6329
6330
6330
6331
6332
6333
6334
6334
6337
6337
6341
6344
6347
6347
6350
6351
6352
6353
6356
6357
6358
6360
6361
6362
6363
6364
6364
6364
6368
6368
6371
6373
6373
6374
6374
6376
6376
6377
6378
6381
6385
6386
6387
6387
6389
6390
6390
6390
6391
6393
6393
6393
6394
6395
6397
6398
6399
6399
6401
6402
6404
6406
6408
6411
6411
6412
6413
6415
6416
6416
6417
6419
6420
6421
6422
6422
6423
6425
6425
6426
6427
6428
6430
6430
6431
6431
6432
6433
6435
6436
6436
6440
6441
6441
6442
6443
6443
6443
6444
6445
6446
6447
6448
6449
6450
6450
6451
6452
6452
6455
6456
6456
6457
6458
6460
6461
6463
6464
6464
6465
6465
6465
6467
6467
6467
6467
6468
6468
6470
6471
6472
6472
6473
6474
6474
6476
6477
6479
6479
6480
6481
6482
6483
6483
6488
6490
6492
6492
6493
6493
6493
6494
6495
6496
6498
6498
6500
6500
6502
6502
6502
6503
6504
6509
6510
6511
6513
6515
6515
6517
6517
6519
6519
6520
6520
6521
6522
6525
6526
6528
6528
6529
6531
6531
6531
6531
6532
6532
6535
6535
6537
6537
6539
6540
6540
6541
6543
6543
6543
6545
6548
6549
6550
6550
6551
6551
6551
6553
6553
6554
6554
6555
6555
6556
6556
6557
6557
6558
6558
6559
6562
6562
6567
6568
6568
6569
6570
6573
6573
6574
6574
6575
6580
6581
6581
6582
6583
6588
6590
6592
6594
6595
6598
6600
6600
6601
6601
6605
6609
6611
6612
6612
6612
6612
6613
6613
6614
6614
6615
6618
6619
6620
6622
6622
6622
6624
6624
6624
6625
6626
6626
6626
6627
6628
6629
6632
6633
6633
6634
6634
6637
6637
6638
6638
6639
6639
6640
6641
6642
6642
6642
6643
6645
6645
6647
6648
6648
6648
6651
6652
6653
6654
6655
6656
6657
6660
6660
6662
6662
6663
6663
6664
6665
6665
6666
6666
6667
6667
6670
6670
6670
6670
6670
6673
6673
6674
6674
6674
6675
6675
6676
6678
6679
6679
6680
6681
6681
6683
6683
6684
6690
6691
6692
6692
6693
6693
6696
6698
6698
6699
6699
6699
6699
6701
6702
6703
6704
6706
6706
6706
6707
6707
6707
6711
6713
6714
6714
6716
6717
6717
6718
6718
6721
6722
6723
6723
6724
6726
6727
6728
6728
6728
6729
6729
6731
6732
6734
6734
6738
6740
6740
6741
6741
6742
6743
6744
6745
6746
6748
6748
6748
6749
6751
6752
6754
6756
6757
6758
6760
6761
6763
6763
6763
6765
6767
6770
6772
6774
6774
6775
6775
6776
6779
6779
6780
6781
6781
6782
6784
6784
6785
6785
6787
6788
6791
6791
6791
6792
6796
6796
6801
6803
6803
6804
6805
6806
6806
6807
6807
6808
6810
6810
6810
6811
6812
6812
6813
6814
6815
6816
6817
6817
6817
6819
6824
6824
6824
6826
6826
6827
6827
6829
6830
6830
6830
6831
6834
6834
6834
6834
6836
6836
6837
6837
6838
6838
6839
6842
6843
6846
6847
6849
6849
6851
6851
6852
6857
6859
6859
6860
6860
6860
6861
6865
6865
6866
6866
6867
6868
6868
6869
6870
6870
6871
6872
6873
6874
6875
6876
6876
6879
6880
6880
6881
6883
6883
6884
6887
6887
6888
6889
6889
6889
6890
6891
6892
6892
6894
6894
6895
6896
6899
6900
6900
6903
6904
6904
6906
6908
6908
6909
6913
6913
6913
6914
6914
6914
6915
6915
6917
6917
6920
6921
6921
6922
6922
6924
6924
6925
6927
6928
6929
6930
6930
6930
6932
6932
6932
6933
6934
6935
6935
6936
6936
6938
6939
6940
6940
6942
6942
6945
6946
6946
6947
6947
6947
6948
6952
6952
6952
6956
6957
6957
6957
6958
6960
6960
6960
6961
6962
6963
6964
6964
6965
6967
6967
6969
6969
6969
6970
6971
6972
6975
6975
6975
6976
6976
6976
6978
6979
6980
6981
6982
6982
6984
6985
6985
6985
6987
6988
6988
6990
6991
6993
6994
6995
6995
6997
6997
6998
6998
7002
7003
7003
7005
7006
7008
7008
7011
7012
7012
7014
7015
7016
7016
7018
7018
7018
7019
7019
7020
7020
7022
7022
7022
7022
7023
7026
7027
7027
7029
7031
7031
7031
7033
7033
7033
7033
7033
7041
7041
7042
7043
7043
7043
7044
7044
7045
7049
7050
7051
7051
7051
7053
7053
7053
7055
7055
7057
7058
7059
7060
7061
7062
7062
7066
7067
7068
7070
7071
7073
7074
7074
7075
7076
7076
7076
7077
7077
7077
7078
7078
7079
7081
7081
7083
7085
7086
7086
7087
7087
7088
7089
7089
7089
7090
7090
7091
7092
7093
7094
7094
7095
7095
7097
7098
7098
7099
7100
7101
7101
7102
7102
7102
7103
7103
7103
7104
7104
7107
7107
7108
7111
7111
7112
7112
7114
7114
7114
7115
7115
7115
7115
7117
7119
7119
7119
7121
7123
7123
7123
7126
7126
7126
7129
7129
7130
7130
7133
7137
7138
7140
7141
7143
7143
7143
7144
7144
7148
7148
7149
7150
7151
7153
7154
7155
7156
7159
7160
7161
7162
7164
7167
7169
7172
7173
7174
7175
7176
7177
7179
7179
7181
7181
7182
7183
7185
7186
7186
7186
7189
7190
7190
7190
7192
7192
7192
7192
7192
7193
7193
7194
7195
7196
7196
7197
7197
7197
7197
7197
7201
7202
7203
7204
7206
7206
7208
7209
7211
7211
7211
7212
7212
7213
7213
7213
7213
7214
7217
7219
7219
7221
7222
7222
7223
7224
7224
7225
7226
7229
7229
7231
7231
7232
7233
7233
7233
7233
7234
7234
7237
7238
7240
7240
7240
7241
7242
7243
7245
7246
7247
7248
7248
7249
7249
7250
7250
7251
7252
7253
7254
7254
7255
7255
7257
7259
7259
7259
7261
7261
7265
7266
7266
7266
7267
7268
7269
7270
7270
7272
7272
7274
7275
7281
7281
7282
7284
7285
7286
7287
7287
7288
7288
7289
7290
7291
7292
7292
7293
7293
7293
7295
7295
7296
7297
7297
7297
7298
7299
7299
7300
7300
7301
7304
7305
7305
7305
7307
7308
7308
7308
7309
7309
7310
7311
7314
7315
7316
7316
7318
7320
7321
7321
7327
7328
7330
7330
7331
7331
7333
7335
7336
7337
7337
7337
7338
7338
7339
7340
7341
7341
7344
7344
7345
7350
7350
7350
7356
7356
7356
7359
7360
7361
7362
7363
7367
7368
7372
7373
7374
7374
7375
7377
7378
7378
7378
7379
7379
7381
7383
7383
7384
7385
7385
7386
7389
7391
7391
7392
7393
7394
7394
7395
7395
7397
7397
7398
7399
7399
7400
7401
7403
7403
7405
7405
7407
7407
7410
7410
7411
7412
7412
7414
7415
7415
7416
7417
7418
7419
7419
7420
7420
7421
7421
7422
7423
7424
7426
7427
7428
7429
7430
7430
7431
7431
7431
7432
7433
7434
7434
7434
7434
7436
7437
7437
7439
7440
7441
7442
7442
7442
7442
7443
7444
7444
7446
7447
7447
7447
7447
7448
7449
7449
7452
7453
7454
7454
7454
7456
7458
7462
7463
7464
7465
7467
7467
7468
7468
7468
7470
7472
7472
7473
7473
7474
7474
7475
7475
7476
7478
7478
7478
7480
7480
7480
7484
7485
7487
7488
7488
7488
7490
7492
7492
7494
7497
7497
7499
7501
7501
7502
7504
7504
7504
7504
7505
7506
7507
7507
7508
7509
7509
7512
7513
7514
7515
7516
7516
7517
7517
7518
7518
7519
7520
7522
7523
7523
7523
7524
7525
7525
7526
7527
7529
7529
7531
7532
7534
7534
7534
7535
7535
7537
7540
7541
7543
7545
7545
7547
7549
7549
7549
7550
7552
7555
7556
7557
7557
7558
7558
7559
7560
7560
7561
7562
7563
7564
7565
7566
7567
7569
7570
7570
7571
7572
7573
7574
7576
7576
7580
7581
7581
7581
7583
7583
7585
7586
7587
7589
7590
7590
7591
7593
7594
7594
7595
7595
7596
7598
7598
7601
7604
7604
7605
7605
7606
7606
7606
7608
7608
7610
7610
7610
7610
7611
7612
7614
7616
7617
7619
7620
7620
7621
7621
7621
7621
7622
7629
7630
7631
7631
7632
7632
7632
7632
7634
7634
7636
7637
7638
7638
7639
7641
7641
7642
7643
7644
7645
7646
7646
7647
7647
7647
7648
7650
7651
7651
7651
7651
7654
7654
7655
7657
7657
7659
7659
7659
7659
7661
7663
7663
7664
7668
7668
7669
7670
7670
7672
7673
7675
7675
7676
7676
7677
7678
7679
7679
7683
7683
7686
7686
7686
7687
7688
7690
7692
7692
7692
7693
7693
7694
7699
7700
7700
7700
7701
7703
7703
7705
7706
7707
7707
7707
7707
7710
7710
7711
7711
7712
7713
7714
7715
7716
7717
7718
7719
7720
7721
7721
7722
7722
7723
7724
7726
7726
7728
7729
7730
7731
7731
7732
7734
7735
7737
7740
7740
7740
7741
7741
7742
7742
7743
7744
7744
7745
7745
7745
7745
7750
7752
7753
7754
7754
7755
7756
7757
7758
7760
7762
7763
7766
7767
7769
7770
7770
7771
7772
7772
7773
7775
7775
7776
7776
7778
7779
7779
7780
7781
7783
7785
7786
7786
7786
7787
7787
7788
7789
7789
7790
7790
7791
7791
7792
7792
7793
7795
7797
7797
7799
7800
7800
7801
7803
7804
7804
7804
7806
7807
7807
7808
7809
7809
7811
7811
7812
7813
7814
7816
7817
7817
7818
7819
7820
7820
7821
7822
7825
7826
7827
7830
7831
7832
7834
7834
7835
7835
7835
7837
7837
7839
7839
7840
7841
7842
7842
7843
7844
7845
7845
7846
7847
7851
7851
7852
7852
7856
7856
7856
7857
7857
7858
7859
7860
7861
7861
7862
7862
7862
7863
7863
7865
7866
7867
7869
7869
7869
7871
7871
7873
7875
7876
7876
7877
7882
7883
7884
7884
7884
7884
7885
7885
7886
7886
7887
7888
7889
7890
7890
7890
7891
7894
7896
7897
7899
7899
7899
7899
7900
7900
7902
7903
7903
7905
7907
7908
7908
7909
7910
7911
7912
7915
7915
7915
7918
7923
7923
7923
7927
7928
7928
7928
7929
7929
7929
7929
7930
7931
7932
7932
7933
7933
7934
7934
7937
7938
7940
7940
7943
7943
7943
7945
7945
7946
7947
7948
7948
7948
7948
7949
7950
7951
7951
7954
7954
7954
7954
7955
7958
7958
7962
7963
7964
7964
7965
7965
7965
7967
7968
7969
7970
7972
7972
7974
7976
7977
7977
7977
7977
7978
7978
7983
7983
7984
7986
7986
7987
7988
7990
7990
7991
7991
7992
7992
7992
7992
7992
7993
7994
7995
7995
7996
7997
7998
8000
8000
8001
8001
8002
8002
8003
8004
8004
8005
8006
8007
8007
8008
8008
8009
8009
8011
8011
8014
8014
8016
8016
8018
8019
8019
8019
8021
8022
8022
8022
8022
8023
8023
8024
8024
8025
8025
8026
8028
8029
8030
8030
8031
8032
8034
8035
8035
8038
8038
8039
8040
8041
8043
8043
8045
8045
8046
8046
8047
8048
8048
8048
8049
8049
8051
8053
8054
8056
8056
8057
8059
8061
8062
8064
8066
8068
8068
8069
8071
8072
8073
8073
8073
8074
8076
8076
8077
8078
8078
8079
8079
8079
8080
8082
8083
8085
8086
8087
8087
8088
8088
8089
8089
8091
8091
8091
8092
8092
8093
8095
8096
8096
8098
8098
8098
8099
8099
8100
8101
8102
8103
8105
8106
8107
8108
8110
8110
8111
8113
8114
8114
8117
8118
8118
8123
8123
8124
8125
8127
8127
8129
8129
8130
8130
8131
8132
8133
8136
8136
8136
8139
8139
8139
8139
8140
8140
8141
8143
8143
8144
8147
8148
8151
8152
8152
8154
8156
8156
8157
8159
8161
8164
8165
8165
8166
8166
8167
8167
8176
8176
8176
8177
8181
8183
8184
8185
8185
8187
8188
8189
8189
8189
8191
8191
8192
8192
8193
8195
8197
8197
8197
8197
8198
8198
8201
8202
8202
8202
8203
8203
8204
8209
8210
8210
8211
8212
8212
8212
8213
8214
8214
8214
8214
8215
8216
8217
8218
8219
8220
8220
8222
8222
8223
8224
8224
8224
8225
8226
8227
8230
8233
8233
8233
8236
8237
8239
8241
8242
8244
8246
8247
8248
8248
8250
8250
8252
8254
8254
8254
8255
8256
8258
8258
8260
8260
8260
8260
8260
8260
8261
8261
8263
8263
8264
8265
8267
8267
8267
8269
8270
8270
8270
8272
8273
8274
8277
8277
8278
8278
8279
8280
8281
8283
8283
8287
8288
8289
8291
8292
8293
8296
8297
8299
8300
8301
8305
8305
8309
8310
8310
8311
8311
8311
8314
8314
8314
8314
8315
8315
8316
8319
8321
8322
8323
8324
8328
8328
8329
8331
8332
8333
8333
8334
8334
8337
8340
8342
8344
8344
8345
8346
8347
8347
8351
8352
8354
8355
8356
8357
8358
8359
8359
8360
8361
8366
8368
8368
8372
8372
8374
8375
8377
8378
8378
8379
8379
8380
8381
8381
8381
8382
8382
8382
8384
8385
8385
8385
8388
8390
8391
8391
8392
8393
8394
8394
8398
8399
8399
8401
8401
8401
8402
8403
8407
8409
8410
8411
8414
8414
8415
8415
8416
8416
8417
8417
8417
8417
8418
8418
8421
8423
8424
8425
8425
8426
8426
8427
8427
8428
8428
8428
8429
8430
8430
8431
8432
8432
8432
8433
8433
8435
8435
8436
8437
8437
8437
8438
8438
8440
8442
8444
8444
8445
8446
8447
8449
8451
8456
8456
8457
8458
8458
8460
8464
8465
8465
8467
8467
8468
8471
8471
8471
8473
8474
8474
8479
8483
8483
8483
8485
8487
8487
8487
8487
8488
8489
8490
8491
8491
8492
8493
8496
8497
8498
8499
8501
8502
8502
8503
8505
8508
8508
8509
8509
8509
8514
8515
8516
8519
8519
8520
8521
8521
8522
8523
8523
8523
8524
8524
8525
8525
8525
8525
8526
8526
8529
8531
8531
8533
8534
8534
8534
8534
8536
8537
8540
8540
8542
8542
8542
8542
8543
8544
8544
8544
8545
8545
8545
8546
8546
8548
8548
8548
8550
8550
8551
8551
8553
8553
8553
8553
8554
8554
8554
8556
8556
8557
8558
8558
8558
8566
8566
8567
8570
8572
8574
8574
8575
8575
8577
8580
8583
8584
8585
8588
8589
8589
8592
8595
8596
8596
8597
8602
8602
8603
8603
8603
8604
8604
8607
8607
8608
8608
8611
8614
8614
8616
8617
8618
8618
8618
8618
8618
8619
8619
8619
8620
8621
8622
8624
8626
8627
8627
8628
8632
8633
8633
8633
8635
8636
8639
8640
8642
8643
8645
8646
8648
8648
8649
8650
8653
8654
8654
8655
8656
8656
8656
8657
8657
8657
8658
8659
8659
8659
8659
8662
8663
8665
8668
8668
8669
8669
8671
8671
8672
8672
8673
8674
8674
8678
8679
8683
8683
8683
8685
8685
8688
8689
8690
8692
8693
8694
8694
8695
8696
8697
8699
8699
8699
8699
8701
8702
8703
8705
8705
8705
8705
8707
8708
8709
8710
8710
8711
8712
8713
8713
8713
8714
8715
8715
8715
8717
8717
8718
8718
8721
8722
8727
8727
8729
8730
8730
8733
8733
8733
8734
8735
8737
8738
8738
8739
8739
8740
8740
8740
8740
8744
8748
8749
8749
8750
8751
8751
8751
8752
8752
8753
8754
8757
8758
8760
8760
8763
8763
8764
8765
8765
8766
8766
8766
8767
8768
8772
8772
8772
8777
8777
8778
8778
8778
8780
8780
8780
8781
8781
8782
8783
8783
8783
8785
8786
8787
8790
8791
8792
8792
8794
8794
8794
8796
8797
8797
8797
8798
8798
8798
8799
8800
8801
8802
8803
8804
8805
8806
8810
8810
8811
8811
8813
8813
8814
8814
8815
8817
8818
8818
8819
8820
8825
8826
8827
8828
8828
8830
8830
8831
8831
8834
8834
8834
8835
8837
8837
8838
8838
8839
8839
8842
8842
8842
8842
8842
8843
8846
8847
8847
8848
8848
8849
8850
8850
8851
8851
8853
8853
8854
8855
8856
8856
8857
8859
8859
8859
8860
8862
8862
8863
8867
8869
8869
8870
8870
8871
8872
8872
8872
8875
8875
8876
8877
8879
8880
8881
8881
8882
8882
8882
8884
8884
8884
8887
8888
8888
8889
8892
8897
8898
8899
8900
8900
8901
8901
8902
8903
8904
8905
8906
8908
8908
8909
8909
8910
8910
8910
8911
8913
8914
8915
8916
8917
8917
8917
8918
8919
8919
8922
8923
8923
8925
8925
8925
8928
8929
8929
8931
8933
8935
8935
8937
8938
8939
8939
8941
8942
8943
8944
8944
8945
8947
8947
8947
8949
8950
8950
8952
8954
8954
8957
8961
8962
8963
8963
8964
8965
8966
8967
8967
8968
8968
8970
8970
8972
8974
8974
8974
8976
8976
8977
8979
8981
8983
8983
8984
8984
8985
8986
8986
8986
8986
8987
8987
8989
8989
8990
8991
8992
8994
8994
8995
8995
8995
8996
8997
8997
8997
8997
8998
8999
9000
9001
9002
9002
9003
9006
9006
9007
9008
9010
9013
9014
9014
9015
9016
9016
9017
9018
9018
9019
9019
9023
9026
9026
9027
9028
9028
9030
9030
9030
9031
9031
9031
9031
9032
9032
9033
9034
9034
9035
9035
9036
9036
9037
9038
9040
9041
9042
9044
9044
9045
9045
9045
9046
9046
9049
9049
9055
9056
9056
9057
9058
9058
9060
9060
9062
9063
9065
9065
9065
9067
9068
9069
9069
9069
9070
9075
9076
9078
9078
9079
9079
9080
9080
9081
9081
9084
9085
9086
9086
9086
9087
9089
9089
9090
9091
9091
9091
9093
9094
9095
9096
9096
9098
9100
9101
9102
9103
9103
9104
9104
9105
9108
9109
9110
9110
9111
9113
9116
9117
9117
9118
9118
9118
9121
9121
9123
9124
9124
9124
9124
9126
9127
9128
9128
9130
9132
9135
9136
9137
9137
9141
9142
9142
9143
9144
9144
9144
9144
9145
9145
9145
9145
9146
9148
9149
9149
9153
9155
9157
9160
9160
9162
9163
9163
9165
9166
9166
9166
9169
9170
9170
9170
9170
9171
9171
9171
9171
9172
9173
9174
9176
9177
9177
9177
9178
9179
9179
9180
9180
9180
9181
9182
9182
9187
9190
9193
9195
9196
9196
9197
9198
9201
9201
9202
9203
9204
9205
9205
9206
9207
9212
9213
9215
9216
9216
9217
9218
9219
9220
9221
9221
9222
9223
9224
9224
9226
9227
9228
9228
9229
9231
9231
9231
9233
9234
9234
9234
9234
9235
9235
9235
9236
9238
9239
9239
9239
9239
9241
9241
9246
9246
9246
9246
9247
9248
9248
9248
9249
9249
9250
9253
9253
9255
9256
9259
9260
9260
9261
9262
9263
9263
9266
9267
9269
9272
9274
9274
9276
9276
9279
9280
9282
9282
9283
9283
9285
9285
9287
9287
9291
9291
9291
9291
9293
9294
9294
9298
9300
9301
9301
9301
9301
9301
9302
9302
9302
9303
9305
9306
9306
9307
9308
9312
9320
9321
9321
9321
9322
9322
9323
9325
9327
9327
9329
9329
9330
9333
9334
9334
9335
9339
9339
9343
9343
9345
9346
9346
9346
9348
9351
9355
9355
9357
9358
9358
9358
9358
9359
9359
9359
9359
9360
9360
9361
9361
9362
9362
9362
9363
9366
9366
9367
9367
9368
9371
9371
9372
9373
9373
9376
9376
9376
9378
9381
9382
9383
9383
9383
9383
9383
9387
9387
9387
9387
9388
9389
9389
9392
9392
9392
9394
9395
9396
9396
9401
9402
9402
9402
9403
9406
9408
9409
9415
9415
9417
9418
9419
9421
9425
9425
9425
9426
9430
9430
9434
9435
9436
9438
9438
9441
9444
9445
9446
9446
9447
9447
9447
9448
9448
9453
9453
9456
9457
9457
9458
9459
9459
9460
9460
9463
9464
9464
9465
9466
9468
9468
9470
9471
9471
9471
9471
9472
9475
9476
9477
9477
9479
9479
9481
9482
9482
9482
9483
9483
9483
9483
9486
9486
9486
9489
9491
9491
9492
9493
9494
9495
9495
9497
9497
9498
9500
9501
9501
9502
9504
9505
9505
9507
9509
9509
9512
9515
9515
9516
9516
9517
9521
9522
9525
9526
9526
9528
9529
9530
9530
9531
9532
9534
9537
9538
9538
9539
9539
9540
9543
9543
9543
9545
9546
9548
9549
9549
9552
9552
9552
9552
9552
9554
9554
9555
9555
9555
9556
9556
9556
9556
9557
9559
9560
9561
9561
9562
9562
9562
9563
9563
9564
9568
9569
9569
9570
9571
9573
9573
9574
9575
9576
9576
9577
9578
9579
9579
9580
9580
9580
9581
9582
9582
9584
9584
9585
9585
9585
9586
9587
9589
9591
9592
9593
9593
9595
9597
9597
9599
9599
9599
9600
9602
9602
9602
9605
9605
9605
9605
9605
9607
9607
9611
9612
9613
9615
9616
9616
9617
9618
9618
9618
9618
9620
9620
9623
9623
9623
9623
9623
9626
9628
9631
9632
9632
9633
9634
9635
9635
9636
9636
9637
9637
9640
9640
9643
9644
9645
9645
9645
9645
9646
9649
9650
9653
9654
9657
9657
9657
9658
9658
9660
9661
9661
9661
9663
9663
9664
9665
9665
9665
9666
9666
9667
9667
9668
9668
9668
9669
9670
9671
9671
9672
9673
9673
9678
9678
9681
9682
9682
9683
9687
9688
9689
9690
9691
9691
9693
9694
9694
9695
9697
9698
9698
9698
9702
9703
9706
9707
9708
9708
9708
9709
9710
9710
9712
9713
9714
9715
9715
9717
9717
9718
9718
9719
9719
9720
9721
9722
9723
9723
9724
9725
9731
9732
9733
9735
9736
9736
9737
9737
9739
9740
9744
9745
9746
9747
9748
9748
9749
9749
9750
9750
9750
9751
9754
9754
9754
9755
9755
9756
9756
9757
9757
9757
9758
9760
9761
9761
9761
9762
9762
9764
9765
9766
9766
9766
9767
9768
9768
9768
9769
9770
9772
9773
9775
9776
9776
9777
9778
9780
9780
9780
9782
9782
9782
9782
9783
9784
9785
9785
9786
9787
9788
9789
9789
9789
9790
9792
9792
9793
9794
9796
9797
9798
9798
9799
9800
9801
9802
9802
9803
9803
9805
9806
9807
9809
9809
9810
9810
9810
9814
9814
9815
9817
9817
9818
9820
9820
9822
9823
9823
9824
9825
9826
9826
9827
9827
9827
9827
9828
9828
9830
9830
9831
9831
9835
9835
9836
9836
9837
9837
9837
9838
9838
9840
9841
9841
9844
9844
9844
9845
9845
9845
9849
9849
9850
9851
9851
9853
9854
9854
9855
9855
9856
9857
9857
9858
9859
9860
9860
9862
9862
9862
9863
9864
9865
9865
9866
9868
9868
9869
9869
9870
9870
9870
9871
9875
9876
9876
9876
9877
9877
9878
9878
9879
9883
9884
9884
9885
9886
9887
9887
9887
9888
9889
9889
9890
9891
9892
9892
9893
9895
9895
9895
9898
9898
9899
9901
9901
9902
9907
9907
9909
9909
9910
9910
9915
9915
9915
9916
9917
9917
9917
9918
9918
9920
9920
9922
9923
9923
9924
9925
9926
9926
9926
9927
9927
9927
9930
9931
9931
9931
9932
9932
9933
9933
9938
9938
9939
9941
9941
9943
9943
9945
9947
9947
9951
9951
9951
9952
9952
9953
9954
9955
9956
9956
9957
9958
9959
9959
9960
9962
9962
9963
9963
9964
9964
9965
9967
9969
9969
9969
9970
9972
9974
9974
9974
9975
9975
9976
9977
9979
9980
9980
9981
9981
9982
9985
9986
9987
9987
9989
9989
9989
9990
9991
9992
9994
9996
9997
9998
